# Project Holwerd Salinization
# RS and GIS integration
# Wageningen University
# Group 5
# Date: june 2021
# License: GNU General Public License version 3.0

# Create a dates variable in the correct format
dates <- c("2019-03-19", "2019-03-29", "2019-04-16", "2019-04-23", "2019-05-13",
           "2019-05-16", "2019-06-22", "2019-07-17", "2019-07-27", "2019-08-24",
           "2019-08-26", "2019-09-10", "2019-09-13", "2019-10-10", "2019-10-30",
           "2019-12-12")

# Create graph to visualize corn NDRE development over time
